1.0000e-09
2.0000e-09
3.0000e-09
4.0000e-09
5.0000e-09
6.0000e-09
7.0000e-09
8.0000e-09
9.0000e-09
1.0000e-08
1.0385e-08
1.0785e-08
1.1200e-08
1.1632e-08
1.2080e-08
1.2545e-08
1.3028e-08
1.3530e-08
1.4051e-08
1.4592e-08
1.5154e-08
1.5738e-08
1.6344e-08
1.6974e-08
1.7627e-08
1.8306e-08
1.9011e-08
1.9744e-08
2.0504e-08
2.1294e-08
2.2114e-08
2.2965e-08
2.3850e-08
2.4768e-08
2.5722e-08
2.6713e-08
2.7742e-08
2.8810e-08
2.9920e-08
3.1072e-08
3.2269e-08
3.3512e-08
3.4803e-08
3.6143e-08
3.7535e-08
3.8981e-08
4.0482e-08
4.2041e-08
4.3660e-08
4.5342e-08
4.7088e-08
4.8902e-08
5.0785e-08
5.2741e-08
5.4772e-08
5.6882e-08
5.9073e-08
6.1348e-08
6.3710e-08
6.6164e-08
6.8712e-08
7.1359e-08
7.4107e-08
7.6961e-08
7.9925e-08
8.3004e-08
8.6201e-08
8.9521e-08
9.2968e-08
9.6549e-08
1.0027e-07
1.0413e-07
1.0814e-07
1.1230e-07
1.1663e-07
1.2112e-07
1.2579e-07
1.3063e-07
1.3566e-07
1.4089e-07
1.4631e-07
1.5195e-07
1.5780e-07
1.6388e-07
1.7019e-07
1.7674e-07
1.8355e-07
1.9062e-07
1.9796e-07
2.0559e-07
2.1351e-07
2.2173e-07
2.3027e-07
2.3914e-07
2.4835e-07
2.5791e-07
2.6785e-07
2.7816e-07
2.8887e-07
3.0000e-07
